header: 
  seq: 0
  stamp: 
    secs: 168
    nsecs: 330000000
  frame_id: "odom"
info: 
  map_load_time: 
    secs: 0
    nsecs:         0
  resolution: 0.05000000074505806
  width: 60
  height: 60
  origin: 
    position: 
      x: 0.29999999999999594
      y: -1.3999999999999992
      z: 0.0
    orientation: 
      x: 0.0
      y: 0.0
      z: 0.0
      w: 1.0
data: [11, 12, 14, 16, 18, 21, 23, 26, 28, 31, 34, 36, 38, 39, 40, 41, 44, 45, 46, 46, 45, 44, 41, 38, 35, 32, 28, 29, 34, 40, 46, 53, 62, 72, 84, 99, 100, 100, 99, 92, 81, 70, 61, 53, 47, 41, 36, 31, 28, 24, 21, 19, 17, 15, 13, 11, 10, 9, 8, 7, 11, 13, 15, 17, 20, 22, 25, 28, 32, 35, 38, 41, 44, 45, 46, 47, 50, 53, 53, 53, 53, 50, 47, 43, 39, 35, 31, 29, 34, 39, 45, 53, 61, 70, 81, 92, 99, 100, 100, 99, 84, 74, 66, 58, 50, 44, 38, 34, 29, 26, 23, 21, 18, 16, 14, 12, 11, 9, 8, 7, 12, 14, 16, 18, 21, 24, 28, 31, 35, 39, 43, 47, 50, 53, 53, 53, 58, 61, 62, 62, 61, 58, 53, 48, 43, 38, 34, 29, 33, 38, 44, 50, 58, 66, 74, 84, 99, 100, 100, 99, 92, 81, 70, 61, 53, 47, 41, 36, 32, 28, 25, 22, 20, 17, 15, 13, 11, 10, 9, 8, 13, 15, 17, 19, 23, 26, 29, 34, 38, 43, 48, 53, 58, 61, 62, 61, 66, 70, 72, 72, 70, 66, 60, 53, 47, 41, 36, 31, 31, 36, 41, 47, 53, 61, 70, 81, 92, 99, 100, 100, 99, 84, 74, 66, 58, 50, 44, 39, 35, 31, 28, 24, 21, 18, 16, 14, 12, 11, 10, 9, 13, 15, 18, 21, 24, 27, 31, 36, 41, 47, 53, 60, 66, 70, 72, 70, 74, 81, 84, 84, 81, 74, 66, 58, 50, 44, 38, 33, 29, 34, 38, 44, 50, 58, 66, 74, 81, 92, 99, 100, 99, 92, 81, 70, 61, 53, 48, 43, 38, 34, 29, 26, 23, 20, 17, 15, 13, 12, 11, 9, 14, 16, 18, 21, 24, 28, 33, 38, 44, 50, 58, 66, 74, 81, 84, 81, 81, 92, 99, 99, 92, 81, 70, 61, 53, 45, 39, 34, 29, 31, 36, 41, 47, 53, 60, 66, 72, 84, 99, 100, 100, 99, 84, 74, 66, 60, 53, 47, 41, 36, 31, 28, 24, 21, 19, 17, 15, 13, 11, 10, 14, 16, 19, 22, 25, 29, 34, 39, 45, 53, 61, 70, 81, 92, 99, 92, 92, 99, 100, 100, 99, 84, 72, 62, 53, 46, 40, 34, 29, 29, 34, 38, 43, 48, 53, 62, 72, 84, 99, 100, 100, 99, 92, 81, 74, 66, 58, 50, 44, 38, 34, 29, 26, 23, 21, 18, 16, 14, 12, 11, 14, 16, 19, 22, 25, 29, 34, 40, 46, 53, 62, 72, 84, 99, 100, 99, 99, 100, 100, 99, 92, 81, 70, 61, 53, 45, 39, 34, 29, 28, 31, 35, 39, 45, 53, 61, 70, 81, 92, 99, 100, 100, 99, 92, 81, 70, 61, 53, 47, 41, 36, 32, 28, 25, 22, 20, 17, 15, 13, 12, 14, 16, 19, 22, 25, 29, 34, 40, 46, 53, 62, 72, 84, 99, 100, 100, 100, 100, 100, 99, 84, 74, 66, 58, 50, 44, 38, 33, 28, 25, 28, 33, 38, 44, 50, 58, 66, 74, 84, 99, 100, 100, 100, 99, 84, 74, 66, 58, 50, 44, 39, 35, 31, 28, 24, 21, 19, 17, 15, 13, 14, 16, 19, 22, 25, 29, 34, 39, 45, 53, 61, 70, 81, 92, 99, 99, 99, 99, 99, 92, 81, 70, 61, 53, 47, 41, 36, 31, 27, 24, 27, 31, 36, 41, 47, 53, 61, 70, 81, 92, 99, 100, 100, 99, 92, 81, 70, 61, 53, 48, 43, 38, 34, 29, 26, 23, 21, 18, 16, 14, 14, 16, 18, 21, 24, 28, 33, 38, 44, 50, 58, 66, 74, 81, 84, 84, 84, 84, 84, 81, 74, 66, 58, 50, 44, 38, 34, 29, 26, 23, 26, 29, 34, 38, 44, 50, 58, 66, 74, 81, 92, 99, 100, 100, 99, 84, 74, 66, 60, 53, 47, 41, 36, 32, 28, 25, 22, 20, 17, 15, 13, 15, 18, 21, 24, 27, 31, 36, 41, 47, 53, 60, 66, 70, 72, 72, 72, 72, 72, 70, 66, 60, 53, 47, 41, 36, 31, 28, 24, 21, 24, 28, 31, 36, 41, 47, 53, 60, 66, 72, 84, 99, 100, 100, 99, 92, 81, 74, 66, 58, 50, 44, 39, 35, 31, 28, 24, 21, 18, 16, 13, 15, 17, 19, 23, 26, 29, 34, 38, 43, 48, 53, 58, 61, 62, 62, 62, 62, 62, 61, 58, 53, 48, 43, 38, 34, 29, 26, 23, 20, 23, 26, 29, 34, 38, 43, 48, 53, 61, 70, 81, 92, 99, 100, 100, 99, 92, 81, 70, 61, 53, 48, 43, 38, 34, 29, 26, 23, 19, 17, 12, 14, 16, 18, 21, 24, 28, 31, 35, 39, 43, 47, 50, 53, 53, 53, 53, 53, 53, 53, 50, 47, 43, 39, 35, 31, 28, 24, 21, 18, 21, 24, 28, 31, 35, 39, 44, 50, 58, 66, 74, 84, 99, 100, 100, 100, 99, 84, 74, 66, 60, 53, 47, 41, 36, 31, 27, 24, 21, 18, 11, 13, 15, 17, 20, 22, 25, 28, 32, 35, 38, 41, 44, 45, 46, 46, 46, 46, 46, 45, 44, 41, 38, 35, 32, 28, 25, 22, 20, 17, 20, 22, 25, 28, 32, 36, 41, 47, 53, 61, 70, 81, 92, 99, 100, 100, 99, 92, 81, 74, 66, 58, 50, 44, 38, 33, 28, 24, 21, 18, 11, 12, 14, 16, 18, 21, 23, 26, 28, 31, 34, 36, 38, 39, 40, 40, 40, 40, 40, 39, 38, 36, 34, 31, 28, 26, 23, 21, 18, 16, 18, 21, 23, 26, 29, 34, 38, 44, 50, 58, 66, 74, 81, 92, 99, 100, 100, 99, 92, 81, 70, 61, 53, 45, 39, 34, 29, 25, 22, 19, 10, 11, 13, 15, 17, 19, 21, 23, 25, 28, 29, 31, 33, 34, 34, 34, 34, 34, 34, 34, 33, 31, 29, 28, 25, 23, 21, 19, 17, 15, 17, 19, 21, 24, 28, 31, 36, 41, 47, 53, 60, 66, 72, 84, 99, 100, 100, 100, 99, 84, 72, 62, 53, 46, 40, 34, 29, 25, 22, 19, 9, 11, 12, 13, 15, 17, 19, 21, 22, 24, 26, 27, 28, 29, 31, 33, 34, 34, 34, 34, 33, 31, 29, 28, 25, 23, 21, 19, 17, 15, 15, 17, 20, 23, 26, 29, 34, 38, 43, 48, 53, 61, 70, 81, 92, 99, 100, 100, 99, 84, 72, 62, 53, 46, 40, 34, 29, 25, 22, 19, 10, 11, 13, 15, 17, 19, 21, 23, 25, 28, 29, 31, 33, 34, 36, 38, 39, 40, 40, 39, 38, 36, 34, 31, 28, 26, 23, 21, 18, 16, 17, 19, 21, 23, 26, 29, 34, 38, 44, 50, 58, 66, 74, 84, 99, 100, 100, 99, 92, 81, 70, 61, 53, 45, 39, 34, 29, 25, 22, 19, 11, 12, 14, 16, 18, 21, 23, 26, 28, 31, 34, 36, 38, 39, 41, 44, 45, 46, 46, 45, 44, 41, 38, 35, 32, 28, 25, 22, 20, 17, 18, 21, 23, 26, 28, 32, 36, 41, 47, 53, 61, 70, 81, 92, 99, 100, 99, 92, 81, 74, 66, 58, 50, 44, 38, 33, 28, 24, 21, 18, 11, 13, 15, 17, 20, 22, 25, 28, 32, 35, 38, 41, 44, 45, 47, 50, 53, 53, 53, 53, 50, 47, 43, 39, 35, 31, 28, 24, 21, 18, 20, 22, 25, 28, 32, 35, 39, 44, 50, 58, 66, 74, 84, 99, 100, 100, 99, 84, 72, 66, 60, 53, 47, 41, 36, 31, 27, 24, 21, 18, 12, 14, 16, 18, 21, 24, 28, 31, 35, 39, 43, 47, 50, 53, 53, 58, 61, 62, 62, 61, 58, 53, 48, 43, 38, 34, 29, 26, 23, 20, 21, 24, 28, 31, 35, 39, 43, 48, 53, 61, 70, 81, 92, 99, 100, 99, 92, 81, 70, 61, 53, 48, 43, 38, 34, 29, 26, 23, 19, 17, 13, 15, 17, 19, 23, 26, 29, 34, 38, 43, 48, 53, 58, 61, 62, 66, 70, 72, 72, 70, 66, 60, 53, 47, 41, 36, 31, 28, 24, 21, 23, 26, 29, 34, 38, 43, 48, 53, 60, 66, 74, 84, 99, 100, 100, 99, 84, 74, 66, 58, 50, 44, 39, 35, 31, 28, 24, 21, 18, 16, 13, 15, 18, 21, 24, 27, 31, 36, 41, 47, 53, 60, 66, 70, 72, 74, 81, 84, 84, 81, 74, 66, 58, 50, 44, 38, 34, 29, 26, 23, 24, 27, 31, 36, 41, 47, 53, 60, 66, 74, 81, 92, 99, 100, 99, 92, 81, 70, 61, 53, 47, 41, 36, 32, 28, 25, 22, 20, 17, 15, 14, 16, 18, 21, 24, 28, 33, 38, 44, 50, 58, 66, 74, 81, 84, 81, 92, 99, 99, 92, 81, 70, 61, 53, 47, 41, 36, 31, 27, 24, 24, 28, 33, 38, 44, 50, 58, 66, 74, 81, 92, 99, 100, 100, 99, 84, 74, 66, 58, 50, 44, 38, 34, 29, 26, 23, 21, 18, 16, 14, 14, 16, 19, 22, 25, 29, 34, 39, 45, 53, 61, 70, 81, 92, 99, 92, 99, 100, 100, 99, 84, 74, 66, 58, 50, 44, 38, 33, 28, 24, 25, 29, 34, 39, 45, 53, 61, 70, 81, 92, 99, 100, 100, 99, 92, 81, 70, 61, 53, 47, 41, 36, 31, 28, 24, 21, 19, 17, 15, 13, 14, 16, 19, 22, 25, 29, 34, 40, 46, 53, 62, 72, 84, 99, 100, 99, 99, 100, 100, 99, 92, 81, 70, 61, 53, 45, 39, 34, 29, 25, 25, 29, 34, 40, 46, 53, 62, 72, 84, 99, 100, 100, 100, 99, 84, 74, 66, 58, 50, 44, 38, 34, 29, 26, 23, 20, 17, 15, 13, 12, 14, 16, 19, 22, 25, 29, 34, 39, 45, 53, 61, 70, 81, 92, 99, 92, 92, 99, 100, 100, 99, 84, 72, 62, 53, 46, 40, 34, 29, 25, 25, 29, 34, 40, 46, 53, 62, 72, 84, 99, 100, 100, 99, 92, 81, 70, 61, 53, 47, 41, 36, 31, 28, 24, 21, 18, 16, 14, 12, 11, 14, 16, 18, 21, 24, 28, 33, 38, 44, 50, 58, 66, 74, 81, 84, 81, 92, 99, 100, 100, 99, 84, 72, 62, 53, 46, 40, 34, 29, 25, 25, 29, 34, 40, 46, 53, 62, 72, 84, 99, 100, 100, 99, 92, 81, 70, 61, 53, 47, 41, 36, 31, 28, 24, 21, 19, 17, 15, 13, 11, 13, 15, 18, 21, 24, 27, 31, 36, 41, 47, 53, 60, 66, 70, 81, 92, 99, 100, 100, 99, 92, 81, 70, 61, 53, 45, 39, 34, 29, 25, 25, 29, 34, 40, 46, 53, 62, 72, 84, 99, 100, 100, 100, 99, 84, 74, 66, 58, 50, 44, 38, 34, 29, 26, 23, 21, 18, 16, 14, 12, 13, 15, 17, 19, 23, 26, 29, 34, 38, 43, 48, 53, 62, 72, 84, 99, 100, 100, 100, 99, 84, 74, 66, 58, 50, 44, 38, 33, 28, 24, 25, 29, 34, 39, 45, 53, 61, 70, 81, 92, 99, 100, 100, 99, 92, 81, 70, 61, 53, 47, 41, 36, 32, 28, 25, 22, 20, 17, 15, 13, 12, 14, 16, 18, 21, 24, 28, 31, 35, 39, 45, 53, 61, 70, 81, 92, 99, 99, 99, 92, 81, 70, 61, 53, 47, 41, 36, 31, 27, 24, 24, 28, 33, 38, 44, 50, 58, 66, 74, 81, 92, 99, 100, 100, 99, 84, 74, 66, 58, 50, 44, 39, 35, 31, 28, 24, 21, 18, 16, 14, 11, 13, 15, 17, 20, 22, 25, 28, 33, 38, 44, 50, 58, 66, 74, 81, 84, 84, 84, 81, 74, 66, 58, 50, 44, 38, 34, 29, 26, 23, 24, 27, 31, 36, 41, 47, 53, 60, 66, 72, 84, 99, 100, 100, 99, 92, 81, 70, 61, 53, 48, 43, 38, 34, 29, 26, 23, 20, 17, 15, 11, 12, 14, 16, 18, 21, 24, 27, 31, 36, 41, 47, 53, 60, 66, 70, 72, 72, 72, 70, 66, 60, 53, 47, 41, 36, 31, 28, 24, 21, 23, 26, 29, 34, 38, 43, 48, 53, 61, 70, 81, 92, 99, 100, 100, 99, 84, 74, 66, 60, 53, 47, 41, 36, 31, 28, 24, 21, 18, 16, 10, 11, 13, 15, 17, 19, 23, 26, 29, 34, 38, 43, 48, 53, 58, 61, 62, 62, 62, 61, 58, 53, 48, 43, 38, 34, 29, 26, 23, 20, 21, 24, 28, 31, 35, 39, 44, 50, 58, 66, 74, 81, 92, 99, 100, 99, 92, 81, 74, 66, 58, 50, 44, 38, 34, 29, 26, 23, 19, 17, 9, 11, 12, 14, 16, 18, 21, 24, 28, 31, 35, 39, 43, 47, 50, 53, 53, 53, 53, 53, 50, 47, 43, 39, 35, 31, 28, 24, 21, 18, 20, 22, 25, 28, 32, 36, 41, 47, 53, 60, 66, 72, 84, 99, 100, 100, 99, 92, 81, 70, 61, 53, 47, 41, 36, 31, 27, 24, 21, 18, 9, 10, 11, 13, 15, 17, 20, 22, 25, 28, 32, 35, 38, 41, 44, 45, 46, 46, 46, 45, 44, 41, 38, 35, 32, 28, 25, 22, 20, 17, 18, 21, 23, 26, 29, 34, 38, 43, 48, 53, 61, 70, 81, 92, 99, 100, 100, 99, 84, 74, 66, 58, 50, 44, 38, 33, 28, 24, 21, 18, 9, 10, 11, 12, 14, 16, 18, 21, 23, 26, 28, 31, 34, 36, 38, 39, 40, 40, 40, 39, 38, 36, 34, 31, 28, 26, 23, 21, 18, 16, 17, 19, 21, 24, 28, 31, 35, 39, 44, 50, 58, 66, 74, 84, 99, 100, 100, 99, 92, 81, 70, 61, 53, 45, 39, 34, 29, 25, 22, 19, 9, 11, 12, 13, 15, 17, 19, 21, 23, 25, 28, 29, 31, 33, 34, 34, 34, 34, 34, 34, 33, 31, 29, 28, 25, 23, 21, 19, 17, 15, 15, 17, 20, 23, 26, 29, 34, 38, 43, 48, 53, 61, 70, 81, 92, 99, 100, 100, 99, 84, 72, 62, 53, 46, 40, 34, 29, 25, 22, 19, 10, 11, 13, 15, 17, 19, 21, 23, 26, 28, 31, 34, 36, 38, 39, 40, 40, 39, 38, 36, 34, 31, 29, 28, 25, 23, 21, 19, 17, 15, 16, 18, 21, 24, 28, 31, 36, 41, 47, 53, 60, 66, 74, 84, 99, 100, 100, 99, 92, 81, 70, 61, 53, 45, 39, 34, 29, 25, 22, 19, 11, 12, 14, 16, 18, 21, 23, 26, 28, 32, 35, 38, 41, 44, 45, 46, 46, 45, 44, 41, 38, 36, 34, 31, 28, 26, 23, 21, 18, 16, 17, 20, 23, 26, 29, 34, 38, 44, 50, 58, 66, 74, 81, 92, 99, 100, 100, 99, 84, 74, 66, 58, 50, 44, 38, 33, 28, 24, 21, 18, 11, 13, 15, 17, 20, 22, 25, 28, 32, 35, 39, 43, 47, 50, 53, 53, 53, 53, 50, 47, 44, 41, 38, 35, 32, 28, 25, 22, 20, 17, 18, 21, 24, 28, 31, 36, 41, 47, 53, 61, 70, 81, 92, 99, 100, 100, 99, 92, 81, 70, 61, 53, 47, 41, 36, 31, 27, 24, 21, 18, 12, 14, 16, 18, 21, 24, 28, 31, 35, 39, 43, 48, 53, 58, 61, 62, 62, 61, 58, 53, 50, 47, 43, 39, 35, 31, 28, 24, 21, 18, 20, 23, 26, 29, 34, 38, 44, 50, 58, 66, 74, 84, 99, 100, 100, 100, 99, 84, 74, 66, 58, 50, 44, 38, 34, 29, 26, 23, 19, 17, 13, 15, 17, 19, 23, 26, 29, 34, 38, 43, 48, 53, 60, 66, 70, 72, 72, 70, 66, 61, 58, 53, 48, 43, 38, 34, 29, 26, 23, 19, 21, 24, 28, 31, 36, 41, 47, 53, 61, 70, 81, 92, 99, 100, 100, 99, 92, 81, 70, 61, 53, 47, 41, 36, 31, 28, 24, 21, 18, 16, 13, 15, 18, 21, 24, 27, 31, 36, 41, 47, 53, 60, 66, 74, 81, 84, 84, 81, 74, 70, 66, 60, 53, 47, 41, 36, 31, 27, 24, 21, 23, 26, 29, 34, 38, 44, 50, 58, 66, 74, 84, 99, 100, 100, 100, 99, 84, 74, 66, 58, 50, 44, 38, 34, 29, 26, 23, 20, 17, 15, 14, 16, 18, 21, 24, 28, 33, 38, 44, 50, 58, 66, 74, 81, 92, 99, 99, 92, 84, 81, 74, 66, 58, 50, 44, 38, 33, 28, 24, 22, 25, 28, 32, 36, 41, 47, 53, 61, 70, 81, 92, 99, 100, 100, 99, 92, 81, 70, 61, 53, 47, 41, 36, 31, 28, 24, 21, 18, 16, 14, 14, 16, 19, 22, 25, 29, 34, 39, 45, 53, 61, 70, 81, 92, 99, 100, 100, 99, 99, 92, 81, 70, 61, 53, 45, 39, 34, 29, 25, 24, 28, 31, 35, 39, 44, 50, 58, 66, 74, 84, 99, 100, 100, 99, 92, 81, 74, 66, 58, 50, 44, 38, 34, 29, 26, 23, 20, 17, 15, 13, 14, 16, 19, 22, 25, 29, 34, 40, 46, 53, 62, 72, 84, 99, 100, 100, 100, 100, 100, 99, 84, 72, 62, 53, 46, 40, 34, 29, 25, 26, 29, 34, 38, 43, 48, 53, 61, 70, 81, 92, 99, 100, 100, 99, 84, 72, 66, 60, 53, 47, 41, 36, 31, 28, 24, 21, 18, 16, 14, 12, 14, 16, 19, 22, 25, 29, 34, 39, 45, 53, 61, 70, 81, 92, 99, 99, 99, 100, 100, 99, 84, 72, 62, 53, 46, 40, 34, 29, 25, 28, 31, 36, 41, 47, 53, 60, 66, 74, 84, 99, 100, 100, 99, 92, 81, 70, 61, 53, 48, 43, 38, 34, 29, 26, 23, 20, 17, 15, 13, 11, 14, 16, 18, 21, 24, 28, 33, 38, 44, 50, 58, 66, 74, 81, 84, 84, 99, 100, 100, 99, 84, 72, 62, 53, 46, 40, 34, 29, 26, 29, 34, 38, 44, 50, 58, 66, 74, 81, 92, 99, 100, 100, 99, 84, 74, 66, 58, 50, 44, 39, 35, 31, 28, 24, 21, 18, 16, 14, 12, 11, 13, 15, 18, 21, 24, 27, 31, 36, 41, 47, 53, 60, 66, 70, 72, 81, 92, 99, 100, 99, 84, 72, 62, 53, 46, 40, 34, 29, 28, 32, 36, 41, 47, 53, 61, 70, 81, 92, 99, 100, 100, 99, 92, 81, 70, 61, 53, 47, 41, 36, 32, 28, 25, 22, 20, 17, 15, 13, 11, 10, 13, 15, 17, 19, 23, 26, 29, 34, 38, 43, 48, 53, 58, 61, 66, 74, 84, 99, 100, 99, 84, 72, 62, 53, 46, 40, 34, 29, 31, 35, 39, 44, 50, 58, 66, 74, 84, 99, 100, 100, 99, 92, 81, 74, 66, 58, 50, 44, 38, 34, 29, 26, 23, 21, 18, 16, 14, 12, 11, 9, 12, 14, 16, 18, 21, 24, 28, 31, 35, 39, 43, 47, 50, 53, 61, 70, 81, 92, 99, 92, 81, 70, 61, 53, 45, 39, 34, 29, 34, 38, 43, 48, 53, 61, 70, 81, 92, 99, 100, 100, 99, 84, 72, 66, 60, 53, 47, 41, 36, 31, 28, 24, 21, 19, 17, 15, 13, 11, 10, 9, 11, 13, 15, 17, 20, 22, 25, 28, 32, 35, 38, 41, 44, 50, 58, 66, 74, 81, 84, 81, 74, 66, 58, 50, 44, 38, 33, 31, 36, 41, 47, 53, 60, 66, 74, 84, 99, 100, 100, 99, 92, 81, 70, 61, 53, 48, 43, 38, 34, 29, 26, 23, 20, 17, 15, 13, 12, 11, 9, 8, 11, 12, 14, 16, 18, 21, 23, 26, 28, 31, 34, 36, 41, 47, 53, 60, 66, 70, 72, 70, 66, 60, 53, 47, 41, 36, 31, 34, 38, 44, 50, 58, 66, 74, 81, 92, 99, 100, 100, 99, 84, 74, 66, 58, 50, 44, 39, 35, 31, 28, 24, 21, 18, 16, 14, 12, 11, 10, 9, 7, 10, 11, 13, 15, 17, 19, 21, 23, 25, 28, 29, 34, 38, 43, 48, 53, 58, 61, 62, 61, 58, 53, 48, 43, 38, 34, 31, 36, 41, 47, 53, 61, 70, 81, 92, 99, 100, 100, 99, 92, 81, 70, 61, 53, 47, 41, 36, 32, 28, 25, 22, 20, 17, 15, 13, 11, 10, 9, 8, 7, 9, 11, 12, 13, 15, 17, 19, 21, 22, 24, 28, 31, 35, 39, 43, 47, 50, 53, 53, 53, 50, 47, 43, 39, 35, 31, 33, 38, 44, 50, 58, 66, 74, 84, 99, 100, 100, 99, 92, 81, 74, 66, 58, 50, 44, 38, 34, 29, 26, 23, 21, 18, 16, 14, 12, 11, 9, 8, 7, 6, 9, 10, 11, 12, 14, 15, 17, 18, 20, 22, 25, 28, 32, 35, 38, 41, 44, 45, 46, 45, 44, 41, 38, 35, 32, 29, 34, 39, 45, 53, 61, 70, 81, 92, 99, 100, 100, 99, 84, 72, 66, 60, 53, 47, 41, 36, 31, 28, 24, 21, 19, 17, 15, 13, 11, 10, 9, 8, 7, 6, 8, 9, 10, 11, 12, 13, 15, 16, 18, 21, 23, 26, 28, 31, 34, 36, 38, 39, 40, 39, 38, 36, 34, 31, 28, 29, 34, 40, 46, 53, 62, 72, 84, 99, 100, 100, 99, 92, 81, 70, 61, 53, 48, 43, 38, 34, 29, 26, 23, 20, 17, 15, 13, 12, 11, 9, 8, 7, 6, 0, 7, 8, 9, 10, 11, 12, 13, 15, 17, 19, 21, 23, 25, 28, 29, 31, 33, 34, 34, 34, 33, 31, 29, 28, 25, 29, 34, 40, 46, 53, 62, 72, 84, 99, 100, 99, 92, 81, 74, 66, 58, 50, 44, 39, 35, 31, 28, 24, 21, 18, 16, 14, 12, 11, 10, 9, 7, 7, 6, 0]
---
